2	0	22	25	0	25	47	1	0.468085106	0.531914894	0	0.531914894	2
2	0	17	19	0	19	36	1	0.472222222	0.527777778	0	0.527777778	2
2	0	14	21	0	21	35	1	0.4	0.6	0	0.6	2
2	0	17	19	0	19	36	1	0.472222222	0.527777778	0	0.527777778	2
2	0	20	20	0	20	40	1	0.5	0.5	0	0.5	2
2	0	16	28	0	28	44	1	0.363636364	0.636363636	0	0.636363636	2
2	0	15	25	0	25	40	1	0.375	0.625	0	0.625	2
2	0	15	19	0	19	34	1	0.441176471	0.558823529	0	0.558823529	2
2	0	14	27	0	27	41	1	0.341463415	0.658536585	0	0.658536585	1
2	0	9	18	0	18	27	1	0.333333333	0.666666667	0	0.666666667	1
2	0	16	32	0	32	48	1	0.333333333	0.666666667	0	0.666666667	1
2	0	10	19	0	19	29	1	0.344827586	0.655172414	0	0.655172414	1
2	0	18	9	0	9	27	1	0.666666667	0.333333333	0	0.333333333	1
2	0	18	24	0	24	42	1	0.428571429	0.571428571	0	0.571428571	3
2	0	10	14	0	14	24	1	0.416666667	0.583333333	0	0.583333333	3
2	0	12	29	0	29	41	1	0.292682927	0.707317073	0	0.707317073	3
2	0	14	15	0	15	29	1	0.482758621	0.517241379	0	0.517241379	3
2	0	13	21	0	21	34	1	0.382352941	0.617647059	0	0.617647059	3
2	0	9	16	0	16	25	1	0.36	0.64	0	0.64	3
2	0	14	25	0	25	39	1	0.358974359	0.641025641	0	0.641025641	3
2	0	7	22	0	22	29	1	0.24137931	0.75862069	0	0.75862069	3
2	0	8	13	0	13	21	1	0.380952381	0.619047619	0	0.619047619	3
2	0	15	27	0	27	42	1	0.357142857	0.642857143	0	0.642857143	3
2	0	12	11	0	11	23	1	0.52173913	0.47826087	0	0.47826087	3
2	0	15	11	0	11	26	1	0.576923077	0.423076923	0	0.423076923	3
1	10	0	5	33	38	38	0.131578947	0	0.131578947	0.868421053	1	4
1	10	4	5	11	16	20	0.3125	0.2	0.25	0.55	0.8	4
1	10	5	4	34	38	43	0.105263158	0.11627907	0.093023256	0.790697674	0.88372093	4
1	10	8	1	30	31	39	0.032258065	0.205128205	0.025641026	0.769230769	0.794871795	4
1	10	2	0	30	30	32	0	0.0625	0	0.9375	0.9375	4
1	10	3	1	14	15	18	0.066666667	0.166666667	0.055555556	0.777777778	0.833333333	4
1	10	10	4	46	50	60	0.08	0.166666667	0.066666667	0.766666667	0.833333333	4
1	10	13	3	35	38	51	0.078947368	0.254901961	0.058823529	0.68627451	0.745098039	4
1	10	0	3	8	11	11	0.272727273	0	0.272727273	0.727272727	1	4
1	10	8	1	34	35	43	0.028571429	0.186046512	0.023255814	0.790697674	0.813953488	4
1	10	14	2	28	30	44	0.066666667	0.318181818	0.045454545	0.636363636	0.681818182	4
1	10	2	2	21	23	25	0.086956522	0.08	0.08	0.84	0.92	4
1	10	13	1	24	25	38	0.04	0.342105263	0.026315789	0.631578947	0.657894737	4
1	10	23	15	15	30	53	0.5	0.433962264	0.283018868	0.283018868	0.566037736	2
1	10	5	1	28	29	34	0.034482759	0.147058824	0.029411765	0.823529412	0.852941176	2
1	10	7	3	44	47	54	0.063829787	0.12962963	0.055555556	0.814814815	0.87037037	2
1	10	23	8	20	28	51	0.285714286	0.450980392	0.156862745	0.392156863	0.549019608	2
1	10	10	1	20	21	31	0.047619048	0.322580645	0.032258065	0.64516129	0.677419355	2
1	10	10	16	9	25	35	0.64	0.285714286	0.457142857	0.257142857	0.714285714	2
1	10	10	1	35	36	46	0.027777778	0.217391304	0.02173913	0.760869565	0.782608696	2
1	10	23	18	15	33	56	0.545454545	0.410714286	0.321428571	0.267857143	0.589285714	2
1	10	7	3	43	46	53	0.065217391	0.132075472	0.056603774	0.811320755	0.867924528	2
1	10	9	11	0	11	20	1	0.45	0.55	0	0.55	1
1	10	11	17	4	21	32	0.80952381	0.34375	0.53125	0.125	0.65625	1
1	10	8	9	24	33	41	0.272727273	0.195121951	0.219512195	0.585365854	0.804878049	1
1	10	0	34	0	34	34	1	0	1	0	1	1
1	10	11	14	9	23	34	0.608695652	0.323529412	0.411764706	0.264705882	0.676470588	1
1	10	8	18	0	18	26	1	0.307692308	0.692307692	0	0.692307692	1
1	10	6	20	16	36	42	0.555555556	0.142857143	0.476190476	0.380952381	0.857142857	1
1	10	3	21	3	24	27	0.875	0.111111111	0.777777778	0.111111111	0.888888889	1
1	10	17	7	22	29	46	0.24137931	0.369565217	0.152173913	0.47826087	0.630434783	3
1	10	4	21	11	32	36	0.65625	0.111111111	0.583333333	0.305555556	0.888888889	3
1	10	12	19	14	33	45	0.575757576	0.266666667	0.422222222	0.311111111	0.733333333	3
1	10	4	18	12	30	34	0.6	0.117647059	0.529411765	0.352941176	0.882352941	3
1	10	2	22	5	27	29	0.814814815	0.068965517	0.75862069	0.172413793	0.931034483	3
1	10	0	5	11	16	16	0.3125	0	0.3125	0.6875	1	3
1	10	2	40	20	60	62	0.666666667	0.032258065	0.64516129	0.322580645	0.967741935	3
1	10	1	6	11	17	18	0.352941176	0.055555556	0.333333333	0.611111111	0.944444444	3
1	10	3	20	20	40	43	0.5	0.069767442	0.465116279	0.465116279	0.930232558	3
1	10	9	11	10	21	30	0.523809524	0.3	0.366666667	0.333333333	0.7	3
1	10	0	4	15	19	19	0.210526316	0	0.210526316	0.789473684	1	3
3	10	37	2	26	28	65	0.071428571	0.569230769	0.030769231	0.4	0.430769231	4
3	10	18	3	18	21	39	0.142857143	0.461538462	0.076923077	0.461538462	0.538461538	4
3	10	42	0	33	33	75	0	0.56	0	0.44	0.44	4
3	10	30	0	15	15	45	0	0.666666667	0	0.333333333	0.333333333	4
3	10	47	0	44	44	91	0	0.516483516	0	0.483516484	0.483516484	4
3	10	20	0	45	45	65	0	0.307692308	0	0.692307692	0.692307692	4
3	10	42	0	32	32	74	0	0.567567568	0	0.432432432	0.432432432	4
3	10	14	0	18	18	32	0	0.4375	0	0.5625	0.5625	4
3	10	51	3	27	30	81	0.1	0.62962963	0.037037037	0.333333333	0.37037037	4
3	10	11	2	28	30	41	0.066666667	0.268292683	0.048780488	0.682926829	0.731707317	4
3	10	40	3	27	30	70	0.1	0.571428571	0.042857143	0.385714286	0.428571429	4
3	10	42	0	23	23	65	0	0.646153846	0	0.353846154	0.353846154	4
3	10	21	0	35	35	56	0	0.375	0	0.625	0.625	4
3	10	14	0	19	19	33	0	0.424242424	0	0.575757576	0.575757576	2
3	10	20	0	29	29	49	0	0.408163265	0	0.591836735	0.591836735	2
3	10	32	0	34	34	66	0	0.484848485	0	0.515151515	0.515151515	2
3	10	16	2	25	27	43	0.074074074	0.372093023	0.046511628	0.581395349	0.627906977	2
3	10	10	0	28	28	38	0	0.263157895	0	0.736842105	0.736842105	1
3	10	29	3	15	18	47	0.166666667	0.617021277	0.063829787	0.319148936	0.382978723	1
3	10	22	0	38	38	60	0	0.366666667	0	0.633333333	0.633333333	1
3	10	34	0	34	34	68	0	0.5	0	0.5	0.5	1
3	10	17	1	36	37	54	0.027027027	0.314814815	0.018518519	0.666666667	0.685185185	1
3	10	10	0	35	35	45	0	0.222222222	0	0.777777778	0.777777778	1
3	10	22	0	24	24	46	0	0.47826087	0	0.52173913	0.52173913	1
3	10	30	7	16	23	53	0.304347826	0.566037736	0.132075472	0.301886792	0.433962264	3
3	10	22	0	46	46	68	0	0.323529412	0	0.676470588	0.676470588	3
3	10	21	4	26	30	51	0.133333333	0.411764706	0.078431373	0.509803922	0.588235294	3
3	10	16	8	38	46	62	0.173913043	0.258064516	0.129032258	0.612903226	0.741935484	3
3	10	26	4	48	52	78	0.076923077	0.333333333	0.051282051	0.615384615	0.666666667	3
3	10	31	8	45	53	84	0.150943396	0.369047619	0.095238095	0.535714286	0.630952381	3
3	10	10	0	42	42	52	0	0.192307692	0	0.807692308	0.807692308	3
3	10	35	0	56	56	91	0	0.384615385	0	0.615384615	0.615384615	3
3	10	33	1	42	43	76	0.023255814	0.434210526	0.013157895	0.552631579	0.565789474	3
3	10	30	0	52	52	82	0	0.365853659	0	0.634146341	0.634146341	3
