3	89	26	10	125	36	0.712       0.288       0.208       0.08        0.722222222	0.277777778
3	52	6	3	61	9	0.852459016	0.147540984	0.098360656	0.049180328	0.666666667	0.333333333
3	144	20	15	179	35	0.804469274	0.195530726	0.111731844	0.083798883	0.571428571	0.428571429
3	125	13	19	157	32	0.796178344	0.203821656	0.082802548	0.121019108	0.40625     0.59375
3	68	10	7	85	17	0.8         0.2         0.117647059	0.082352941	0.588235294	0.411764706
3	133	19	16	168	35	0.791666667	0.208333333	0.113095238	0.095238095	0.542857143	0.457142857
3	133	12	14	159	26	0.836477987	0.163522013	0.075471698	0.088050314	0.461538462	0.538461538
3	63	41	15	119	56	0.529411765	0.470588235	0.344537815	0.12605042	0.732142857	0.267857143
3	107	23	17	147	40	0.727891156	0.272108844	0.156462585	0.115646259	0.575       0.425
3	64	11	14	89	25	0.719101124	0.280898876	0.123595506	0.157303371	0.44        0.56
4	114	19	31	164	50	0.695121951	0.304878049	0.115853659	0.18902439	0.38        0.62
4	125	35	34	194	69	0.644329897	0.355670103	0.180412371	0.175257732	0.507246377	0.492753623
4	92	17	11	120	28	0.766666667	0.233333333	0.141666667	0.091666667	0.607142857	0.392857143
4	136	18	48	202	66	0.673267327	0.326732673	0.089108911	0.237623762	0.272727273	0.727272727
4	110	5	40	155	45	0.709677419	0.290322581	0.032258065	0.258064516	0.111111111	0.888888889
4	115	16	48	179	64	0.642458101	0.357541899	0.089385475	0.268156425	0.25        0.75
4	131	21	26	178	47	0.735955056	0.264044944	0.117977528	0.146067416	0.446808511	0.553191489
4	141	16	40	197	56	0.715736041	0.284263959	0.081218274	0.203045685	0.285714286	0.714285714
4	122	22	32	176	54	0.693181818	0.306818182	0.125       0.181818182	0.407407407	0.592592593
4	128	19	26	173	45	0.739884393	0.260115607	0.10982659	0.150289017	0.422222222	0.577777778
4	98	13	41	152	54	0.644736842	0.355263158	0.085526316	0.269736842	0.240740741	0.759259259
4	103	22	34	159	56	0.647798742	0.352201258	0.13836478	0.213836478	0.392857143	0.607142857
5	99	23	51	173	74	0.572254335	0.427745665	0.132947977	0.294797688	0.310810811	0.689189189
5	79	4	57	140	61	0.564285714	0.435714286	0.028571429	0.407142857	0.06557377	0.93442623
5	201	2	39	242	41	0.830578512	0.169421488	0.008264463	0.161157025	0.048780488	0.951219512
5	57	8	46	111	54	0.513513514	0.486486486	0.072072072	0.414414414	0.148148148	0.851851852
5	105	15	58	178	73	0.58988764	0.41011236	0.084269663	0.325842697	0.205479452	0.794520548
5	164	20	38	222	58	0.738738739	0.261261261	0.09009009	0.171171171	0.344827586	0.655172414
5	137	24	77	238	101	0.575630252	0.424369748	0.100840336	0.323529412	0.237623762	0.762376238
5	177	17	55	249	72	0.710843373	0.289156627	0.068273092	0.220883534	0.236111111	0.763888889
5	110	12	49	171	61	0.643274854	0.356725146	0.070175439	0.286549708	0.196721311	0.803278689
5	73	13	62	148	75	0.493243243	0.506756757	0.087837838	0.418918919	0.173333333	0.826666667
2	170	2	34	206	36	0.825242718	0.174757282	0.009708738	0.165048544	0.055555556	0.944444444
2	132	21	67	220	88	0.6         0.4         0.095454545	0.304545455	0.238636364	0.761363636
2	142	4	63	209	67	0.679425837	0.320574163	0.019138756	0.301435407	0.059701493	0.940298507
2	143	16	57	216	73	0.662037037	0.337962963	0.074074074	0.263888889	0.219178082	0.780821918
2	173	5	56	234	61	0.739316239	0.260683761	0.021367521	0.239316239	0.081967213	0.918032787
2	148	28	43	219	71	0.675799087	0.324200913	0.127853881	0.196347032	0.394366197	0.605633803
2	176	7	57	240	64	0.733333333	0.266666667	0.029166667	0.2375      0.109375	0.890625
2	168	20	41	229	61	0.733624454	0.266375546	0.087336245	0.179039301	0.327868852	0.672131148
2	101	2	28	131	30	0.770992366	0.229007634	0.015267176	0.213740458	0.066666667	0.933333333
2	97	1	52	150	53	0.646666667	0.353333333	0.006666667	0.346666667	0.018867925	0.981132075
1	170	0	33	203	33	0.837438424	0.162561576	0           0.162561576	0           1
1	168	0	81	249	81	0.674698795	0.325301205	0           0.325301205	0           1
1	182	20	64	266	84	0.684210526	0.315789474	0.07518797	0.240601504	0.238095238	0.761904762
1	124	0	66	190	66	0.652631579	0.347368421	0           0.347368421	0           1
1	119	6	94	219	100	0.543378995	0.456621005	0.02739726	0.429223744	0.06        0.94
1	174	0	79	253	79	0.687747036	0.312252964	0           0.312252964	0           1
1	181	9	75	265	84	0.683018868	0.316981132	0.033962264	0.283018868	0.107142857	0.892857143
1	112	25	30	167	55	0.670658683	0.329341317	0.149700599	0.179640719	0.454545455	0.545454545
1	176	0	85	261	85	0.674329502	0.325670498	0           0.325670498	0           1
1	134	0	94	228	94	0.587719298	0.412280702	0           0.412280702	0           1